Case #1: 
1100110101000111 3 5 3 3 13 3 3 277 3
1111111100000011 3 2 5 2 5 2 3 2 11
1011010101100101 3 227 3 3 11 3 3 107 3
1010110101100111 3 2 5 2 5 2 3 2 11
1101000100101011 3 2 5 2 7 2 3 2 11
1111100111111001 3 2 3 2 7 2 3 2 3
1110010000011011 3 2 5 2 7 2 3 2 11
1011000011010011 3 2 5 2 7 2 3 2 11
1101010011111101 3 7 13 3 11 5 3 37 7
1100000000111001 3 2 3 2 7 2 3 2 3
1011001010010111 131 5 3 7 3041 3 5 89 3
1000000000000111 3 2 5 2 7 2 3 2 11
1010001111001111 5 2 7 2 5 2 5 2 23
1100101100000111 3 2 5 2 7 2 3 2 11
1110011011000111 3 2 5 2 5 2 3 2 11
1001101100111101 3 2 5 2 5 2 3 2 11
1101110010011011 3 2 5 2 5 2 3 2 7
1100101101001111 3 2 5 2 5 2 3 2 11
1111011100111101 167 2 3 2 11 2 109 2 3
1100011110101011 5 2 17 2 5 2 5 2 101
1000010010110001 3 2 3 2 7 2 3 2 3
1001110000011011 3 2 5 2 7 2 3 2 11
1010110111001001 17 11 3 3463 23 3 29 167 3
1001001100111001 3 2 5 2 7 2 3 2 11
1011110011011111 3 2 3 2 7 2 3 2 3
1110001101111001 3 2 5 2 5 2 3 2 11
1010101001001001 3 7 13 3 31 43 3 31 7
1101100100000011 5 1033 353 137 167 5 7 31 307
1000010101010101 11 17 5 521 11 11 7 5 19
1001101001101111 5 2 17 2 5 2 5 2 23
1001011010010011 3 2 5 2 7 2 3 2 7
1000111001000111 3 2 5 2 7 2 3 2 7
1000011101001011 3 2 5 2 7 2 3 2 11
1011011000001101 3 2 5 2 7 2 3 2 11
1101010011110011 5 2 17 2 5 2 5 2 101
1001110100000101 3 5 13 3 29 13 3 73 7
1011110100111001 3 2 5 2 5 2 3 2 11
1011011110101111 59 2 3 2 277 2 53 2 3
1000000111110111 7 13 3 23 43 3 71 7 3
1101110000110011 7 13 3 31 11 3 11 7 3
1010000011111111 5 2 17 2 5 2 5 2 101
1111001011110111 3 2 3 2 7 2 3 2 3
1100011001101111 3 2 5 2 5 2 3 2 11
1100010001011001 3 439 7 3 13 5 3 79 23
1111110101111001 11 2 3 2 383 2 139 2 3
1010010011101011 3 73 3 3 11 3 3 31 3
1011100100101101 5 71 3 97 179 3 17 31 3
1001000110100001 3 2 3 2 7 2 3 2 3
1010010100000101 5 2 3 2 29 2 5 2 3
1011010100010001 3 7 13 3 31 43 3 19 7
